7 -0.108615 -0.761834 -0.990661
19 -0.405438 0.680288 -0.952513
15 -0.715323 -0.0758385 -0.529344
18 0.222999 -0.215125 -0.467574
0 -0.997497 0.127171 -0.613392
4 0.421003 0.0270699 -0.39201
5 -0.970031 -0.817194 -0.271096
10 -0.667531 0.32609 -0.0984222
1 0.617481 0.170019 -0.0402539
11 -0.295755 -0.885922 0.215369
8 -0.982177 -0.24424 0.0633259
9 0.142369 0.203528 0.214331
12 0.566637 0.605213 0.0397656
14 0.911802 0.851436 0.0787072
16 0.724479 -0.580798 0.559313
13 -0.3961 0.751946 0.453352
2 -0.299417 0.791925 0.64568
6 -0.705374 -0.668203 0.97705
3 0.49321 -0.651784 0.717887
17 0.687307 0.993591 0.99939
