1 -1 -1
1 -0.801175 -1
1 -1 -0.792197
0.273915 -1 -0.331891
-0.357943 -1 -0.429936
-0.834134 -1 -1
-0.856584 -0.650669 -1
-0.20223 -0.0719448 -1
-0.320066 -0.591719 -0.382051
-0.348286 -0.612309 -0.388548
-0.856584 -0.650669 -1


1 -1 -1
1 -1 -0.792197


1 -1 -1
-0.834134 -1 -1


1 -0.801175 -1
-0.20223 -0.0719448 -1


-0.320066 -0.591719 -0.382051
0.273915 -1 -0.331891


-0.357943 -1 -0.429936
-0.348286 -0.612309 -0.388548


-0.6173 0.180561 -1
-0.583519 0.400344 -0.582552
-1 0.89307 -0.506019
-1 1 -0.461674
-0.356943 1 -0.264341
-0.085996 1 -0.266141
0.663115 1 -1
0.654691 0.890917 -1
-0.018575 0.585207 -0.363572
-0.0590564 0.647239 -0.319222
-0.107823 0.832284 -0.257447
-0.085996 1 -0.266141


-0.6173 0.180561 -1
-1 0.590205 -1
-1 0.89307 -0.506019


-0.6173 0.180561 -1
-0.1907 0.0057272 -1
-0.182752 0.276085 -0.5111
-0.151565 0.310997 -0.487052
-0.0581534 0.532652 -0.366465
-0.0590564 0.647239 -0.319222


-1 1 -1
-1 0.590205 -1


-1 1 -1
-1 1 -0.461674


-1 1 -1
0.663115 1 -1


-0.107823 0.832284 -0.257447
-0.356943 1 -0.264341


-0.583519 0.400344 -0.582552
-0.182752 0.276085 -0.5111


-0.151565 0.310997 -0.487052
0.136605 0.235443 -1
-0.1907 0.0057272 -1


0.654691 0.890917 -1
0.136605 0.235443 -1


-0.018575 0.585207 -0.363572
-0.0581534 0.532652 -0.366465


-0.320066 -0.591719 -0.382051
-0.348286 -0.612309 -0.388548
-0.495684 -0.484193 -0.166143
-0.308561 -0.24817 -0.0148261
-0.293149 -0.254382 -0.0302677
-0.320066 -0.591719 -0.382051
-0.20223 -0.0719448 -1
-0.856584 -0.650669 -1
-0.348286 -0.612309 -0.388548


-0.182752 0.276085 -0.5111
-0.583519 0.400344 -0.582552
-0.6173 0.180561 -1
-0.1907 0.0057272 -1
-0.182752 0.276085 -0.5111
-0.279581 -0.181983 -0.0731126
-0.293149 -0.254382 -0.0302677


-1 -0.601395 -1
-1 -0.37968 -0.363519
-0.495684 -0.484193 -0.166143


-1 -0.601395 -1
-1 -0.351376 -1
-0.6173 0.180561 -1


-1 -0.601395 -1
-0.856584 -0.650669 -1


-1 -0.351376 -1
-1 -0.048961 -0.269548
-0.944331 0.0504941 -0.216224
-0.311341 -0.241414 -0.0141581
-0.279581 -0.181983 -0.0731126


-1 -0.37968 -0.363519
-1 -0.048961 -0.269548


-0.944331 0.0504941 -0.216224
-0.583519 0.400344 -0.582552


-0.1907 0.0057272 -1
-0.20223 -0.0719448 -1


-0.311341 -0.241414 -0.0141581
-0.308561 -0.24817 -0.0148261


1 -1 -0.792197
1 -0.801175 -1
-0.20223 -0.0719448 -1
-0.1907 0.0057272 -1
0.136605 0.235443 -1
-0.151565 0.310997 -0.487052
-0.182752 0.276085 -0.5111
-0.1907 0.0057272 -1


1 -1 -0.792197
1 -1 -0.425515
0.483028 -1 -0.173052
0.224348 -0.484416 0.136873
0.206035 -0.454956 0.151898
0.222687 -0.449088 0.150264
0.224348 -0.484416 0.136873


1 -1 -0.792197
0.273915 -1 -0.331891
-0.320066 -0.591719 -0.382051
-0.20223 -0.0719448 -1


-0.182752 0.276085 -0.5111
-0.279581 -0.181983 -0.0731126
-0.293149 -0.254382 -0.0302677
-0.320066 -0.591719 -0.382051


0.355871 -0.365805 0.114881
0.61979 -0.457067 -0.046502
1 -0.684685 -0.313232
1 -1 -0.425515


0.355871 -0.365805 0.114881
0.320144 -0.236325 0.0311631
0.61979 -0.457067 -0.046502


0.355871 -0.365805 0.114881
0.222687 -0.449088 0.150264


0.483028 -1 -0.173052
0.273915 -1 -0.331891


1 -0.470417 -1
1 -0.684685 -0.313232


1 -0.470417 -1
1 -0.801175 -1


1 -0.470417 -1
0.136605 0.235443 -1


-0.293149 -0.254382 -0.0302677
0.206035 -0.454956 0.151898


0.320144 -0.236325 0.0311631
-0.125009 0.234145 -0.310316
-0.279581 -0.181983 -0.0731126


-0.125009 0.234145 -0.310316
-0.151565 0.310997 -0.487052


-0.583519 0.400344 -0.582552
-1 0.89307 -0.506019
-1 0.590205 -1
-0.6173 0.180561 -1
-0.583519 0.400344 -0.582552
-0.944331 0.0504941 -0.216224
-1 -0.048961 -0.269548
-1 0.0872914 -0.194767
-0.944331 0.0504941 -0.216224


-1 0.590205 -1
-1 -0.351376 -1
-1 -0.048961 -0.269548


-1 -0.351376 -1
-0.6173 0.180561 -1


-1 0.0872914 -0.194767
-1 0.89307 -0.506019


1 -0.470417 -1
0.136605 0.235443 -1
0.654691 0.890917 -1
-0.018575 0.585207 -0.363572
-0.0581534 0.532652 -0.366465
-0.151565 0.310997 -0.487052
0.136605 0.235443 -1


1 -0.470417 -1
1 0.722197 -1
1 0.52747 -0.658975
0.947652 0.546313 -0.637393
0.762025 0.863879 -1
1 0.722197 -1


1 -0.470417 -1
1 -0.684685 -0.313232
0.61979 -0.457067 -0.046502
1 -0.544198 -0.223465
1 -0.684685 -0.313232


-0.018575 0.585207 -0.363572
0.25021 0.380836 -0.18058
0.320144 -0.236325 0.0311631
-0.125009 0.234145 -0.310316
-0.151565 0.310997 -0.487052


0.61979 -0.457067 -0.046502
0.320144 -0.236325 0.0311631


-0.125009 0.234145 -0.310316
-0.0581534 0.532652 -0.366465


0.762025 0.863879 -1
0.654691 0.890917 -1


0.25021 0.380836 -0.18058
0.947652 0.546313 -0.637393


1 0.52747 -0.658975
1 -0.544198 -0.223465


-0.348286 -0.612309 -0.388548
-0.856584 -0.650669 -1
-0.834134 -1 -1
-0.357943 -1 -0.429936
-0.348286 -0.612309 -0.388548
-0.495684 -0.484193 -0.166143
-1 -0.37968 -0.363519
-1 -0.601395 -1
-0.856584 -0.650669 -1


-1 -0.37968 -0.363519
-1 -0.823608 0.397049
-0.92247 -0.811528 0.379167
-0.964313 -1 0.410538
-1 -1 0.418105
-1 -0.823608 0.397049


-1 -0.601395 -1
-1 -1 -1
-0.834134 -1 -1


-0.92247 -0.811528 0.379167
-0.495684 -0.484193 -0.166143


-0.357943 -1 -0.429936
-0.964313 -1 0.410538


-1 -1 0.418105
-1 -1 -1


-0.356943 1 -0.264341
-1 1 -0.461674
-1 0.89307 -0.506019
-0.583519 0.400344 -0.582552
-0.182752 0.276085 -0.5111
-0.151565 0.310997 -0.487052
-0.125009 0.234145 -0.310316
-0.0581534 0.532652 -0.366465
-0.151565 0.310997 -0.487052


-0.356943 1 -0.264341
-1 1 0.0519944
-1 1 -0.461674


-0.356943 1 -0.264341
-0.107823 0.832284 -0.257447
-0.0590564 0.647239 -0.319222
-0.094074 0.739315 -0.192458
-0.107823 0.832284 -0.257447


-0.094074 0.739315 -0.192458
-0.492623 0.0208855 0.558076
-1 0.308608 0.585605
-1 1 0.0519944


-0.492623 0.0208855 0.558076
-0.311341 -0.241414 -0.0141581
-0.944331 0.0504941 -0.216224
-1 0.0872914 -0.194767
-1 0.308608 0.585605


-0.182752 0.276085 -0.5111
-0.279581 -0.181983 -0.0731126
-0.125009 0.234145 -0.310316


-0.311341 -0.241414 -0.0141581
-0.279581 -0.181983 -0.0731126


-1 0.0872914 -0.194767
-1 0.89307 -0.506019


-0.944331 0.0504941 -0.216224
-0.583519 0.400344 -0.582552


-0.0590564 0.647239 -0.319222
-0.0581534 0.532652 -0.366465


0.355871 -0.365805 0.114881
0.746088 0.210735 0.767225
0.725645 0.27057 0.721198
0.969883 0.3075 0.67554
1 0.292814 0.685151
1 0.224558 0.739221
0.746088 0.210735 0.767225


0.355871 -0.365805 0.114881
0.320144 -0.236325 0.0311631
0.25021 0.380836 -0.18058
0.725645 0.27057 0.721198


0.355871 -0.365805 0.114881
0.61979 -0.457067 -0.046502
0.320144 -0.236325 0.0311631


0.25021 0.380836 -0.18058
0.947652 0.546313 -0.637393
1 0.52747 -0.658975
1 0.292814 0.685151


0.947652 0.546313 -0.637393
0.969883 0.3075 0.67554


1 0.224558 0.739221
1 -0.544198 -0.223465
0.61979 -0.457067 -0.046502


1 0.52747 -0.658975
1 -0.544198 -0.223465


-0.293149 -0.254382 -0.0302677
0.206035 -0.454956 0.151898
-0.153761 -0.30979 0.64915
-0.390274 -0.214823 0.494812
-0.308561 -0.24817 -0.0148261
-0.293149 -0.254382 -0.0302677
-0.320066 -0.591719 -0.382051
0.273915 -1 -0.331891
0.483028 -1 -0.173052
0.224348 -0.484416 0.136873
0.206035 -0.454956 0.151898


-0.92247 -0.811528 0.379167
-0.495684 -0.484193 -0.166143
-0.348286 -0.612309 -0.388548
-0.320066 -0.591719 -0.382051


-0.92247 -0.811528 0.379167
-0.964313 -1 0.410538
-0.357943 -1 -0.429936
0.273915 -1 -0.331891


-0.92247 -0.811528 0.379167
-0.390274 -0.214823 0.494812


-0.153761 -0.30979 0.64915
-0.09479 -1 0.878153
-0.964313 -1 0.410538


-0.09479 -1 0.878153
0.379882 -1 0.132907
0.483028 -1 -0.173052


-0.357943 -1 -0.429936
-0.348286 -0.612309 -0.388548


0.379882 -1 0.132907
0.224348 -0.484416 0.136873


-0.308561 -0.24817 -0.0148261
-0.495684 -0.484193 -0.166143


-1 0.0872914 -0.194767
-1 -0.048961 -0.269548
-0.944331 0.0504941 -0.216224
-1 0.0872914 -0.194767
-1 0.308608 0.585605
-0.492623 0.0208855 0.558076
-0.490806 -0.00538525 0.622445
-1 0.197021 0.870615
-1 0.308608 0.585605


-0.390274 -0.214823 0.494812
-0.490806 -0.00538525 0.622445


-0.390274 -0.214823 0.494812
-0.92247 -0.811528 0.379167
-1 -0.823608 0.397049
-1 0.197021 0.870615


-0.390274 -0.214823 0.494812
-0.308561 -0.24817 -0.0148261
-0.495684 -0.484193 -0.166143
-0.92247 -0.811528 0.379167


-0.944331 0.0504941 -0.216224
-0.311341 -0.241414 -0.0141581
-0.308561 -0.24817 -0.0148261


-1 -0.823608 0.397049
-1 -0.37968 -0.363519
-1 -0.048961 -0.269548


-0.495684 -0.484193 -0.166143
-1 -0.37968 -0.363519


-0.311341 -0.241414 -0.0141581
-0.492623 0.0208855 0.558076


-0.308561 -0.24817 -0.0148261
-0.293149 -0.254382 -0.0302677
-0.279581 -0.181983 -0.0731126
-0.311341 -0.241414 -0.0141581
-0.308561 -0.24817 -0.0148261
-0.390274 -0.214823 0.494812
-0.490806 -0.00538525 0.622445
-0.412964 0.0204611 0.738504
-0.16896 0.0119664 1
-0.0811363 -0.073441 1
-0.153761 -0.30979 0.64915
-0.390274 -0.214823 0.494812


-0.094074 0.739315 -0.192458
-0.492623 0.0208855 0.558076
-0.311341 -0.241414 -0.0141581


-0.094074 0.739315 -0.192458
0.124965 0.730849 0.32042
-0.412964 0.0204611 0.738504


-0.094074 0.739315 -0.192458
-0.0590564 0.647239 -0.319222
-0.0581534 0.532652 -0.366465
-0.018575 0.585207 -0.363572
-0.0590564 0.647239 -0.319222


-0.293149 -0.254382 -0.0302677
0.206035 -0.454956 0.151898
0.222687 -0.449088 0.150264
0.575715 0.159143 0.937408
0.746088 0.210735 0.767225
0.355871 -0.365805 0.114881
0.222687 -0.449088 0.150264


0.316021 0.657546 0.616091
0.725645 0.27057 0.721198
0.746088 0.210735 0.767225


0.316021 0.657546 0.616091
0.124965 0.730849 0.32042


0.316021 0.657546 0.616091
0.246579 0.323966 1
-0.16896 0.0119664 1


0.485668 0.159057 1
0.246579 0.323966 1


0.485668 0.159057 1
-0.0811363 -0.073441 1


0.485668 0.159057 1
0.575715 0.159143 0.937408


0.206035 -0.454956 0.151898
-0.153761 -0.30979 0.64915


-0.125009 0.234145 -0.310316
-0.279581 -0.181983 -0.0731126


-0.125009 0.234145 -0.310316
-0.0581534 0.532652 -0.366465


-0.125009 0.234145 -0.310316
0.320144 -0.236325 0.0311631
0.25021 0.380836 -0.18058
-0.018575 0.585207 -0.363572


-0.492623 0.0208855 0.558076
-0.490806 -0.00538525 0.622445


0.25021 0.380836 -0.18058
0.725645 0.27057 0.721198


0.320144 -0.236325 0.0311631
0.355871 -0.365805 0.114881


0.947652 0.546313 -0.637393
0.762025 0.863879 -1
0.654691 0.890917 -1
0.663115 1 -1
-0.085996 1 -0.266141
-0.107823 0.832284 -0.257447
-0.094074 0.739315 -0.192458
-0.0590564 0.647239 -0.319222
-0.107823 0.832284 -0.257447


0.947652 0.546313 -0.637393
0.969883 0.3075 0.67554
0.725645 0.27057 0.721198
0.316021 0.657546 0.616091
0.124965 0.730849 0.32042
-0.094074 0.739315 -0.192458


0.947652 0.546313 -0.637393
0.25021 0.380836 -0.18058
0.725645 0.27057 0.721198


0.762025 0.863879 -1
0.664923 1 -1
0.663115 1 -1


0.500853 1 0.454251
0.969883 0.3075 0.67554


0.500853 1 0.454251
0.664923 1 -1


0.500853 1 0.454251
0.294755 1 0.480167
0.316021 0.657546 0.616091


0.25021 0.380836 -0.18058
-0.018575 0.585207 -0.363572
0.654691 0.890917 -1


0.138935 1 0.257449
0.124965 0.730849 0.32042


0.138935 1 0.257449
0.294755 1 0.480167


0.138935 1 0.257449
-0.085996 1 -0.266141


-0.018575 0.585207 -0.363572
-0.0590564 0.647239 -0.319222


1 0.52747 -0.658975
1 0.722197 -1
0.762025 0.863879 -1
0.947652 0.546313 -0.637393
1 0.52747 -0.658975
1 0.292814 0.685151
0.969883 0.3075 0.67554
0.500853 1 0.454251
1 1 0.57596
1 0.292814 0.685151


0.500853 1 0.454251
0.664923 1 -1
1 1 -1
1 1 0.57596


1 1 -1
1 0.722197 -1


0.947652 0.546313 -0.637393
0.969883 0.3075 0.67554


0.762025 0.863879 -1
0.664923 1 -1


1 -1 -0.425515
1 -0.684685 -0.313232
1 -0.544198 -0.223465
0.61979 -0.457067 -0.046502
1 -0.684685 -0.313232


1 -1 -0.425515
1 -1 1
0.974421 -1 1
0.379882 -1 0.132907
0.483028 -1 -0.173052
1 -1 -0.425515


0.222687 -0.449088 0.150264
0.224348 -0.484416 0.136873
0.483028 -1 -0.173052


0.222687 -0.449088 0.150264
0.575715 0.159143 0.937408
0.746088 0.210735 0.767225
1 0.224558 0.739221
1 0.151664 1
0.623656 0.142779 1
0.575715 0.159143 0.937408


0.222687 -0.449088 0.150264
0.355871 -0.365805 0.114881
0.61979 -0.457067 -0.046502


0.746088 0.210735 0.767225
0.355871 -0.365805 0.114881


0.224348 -0.484416 0.136873
0.379882 -1 0.132907


1 -1 1
1 0.151664 1


0.974421 -1 1
0.623656 0.142779 1


1 0.224558 0.739221
1 -0.544198 -0.223465


-0.490806 -0.00538525 0.622445
-1 0.197021 0.870615
-1 0.240276 0.987913
-0.412964 0.0204611 0.738504
-0.490806 -0.00538525 0.622445
-0.492623 0.0208855 0.558076
-0.094074 0.739315 -0.192458
-0.107823 0.832284 -0.257447
-0.085996 1 -0.266141
-0.356943 1 -0.264341
-0.107823 0.832284 -0.257447


-1 1 0.0519944
-1 0.308608 0.585605
-0.492623 0.0208855 0.558076


-1 1 0.0519944
-1 1 0.829989
0.138935 1 0.257449
-0.085996 1 -0.266141


-1 1 0.0519944
-0.356943 1 -0.264341


-0.412964 0.0204611 0.738504
0.124965 0.730849 0.32042
0.138935 1 0.257449


0.124965 0.730849 0.32042
-0.094074 0.739315 -0.192458


-1 0.197021 0.870615
-1 0.308608 0.585605


-1 0.240276 0.987913
-1 1 0.829989


0.124965 0.730849 0.32042
-0.412964 0.0204611 0.738504
-1 0.240276 0.987913
-1 0.243019 1
-0.16896 0.0119664 1
-0.412964 0.0204611 0.738504


0.124965 0.730849 0.32042
0.138935 1 0.257449
-1 1 0.829989
-1 0.240276 0.987913


0.124965 0.730849 0.32042
0.316021 0.657546 0.616091
0.246579 0.323966 1
0.108411 1 1
0.294755 1 0.480167
0.316021 0.657546 0.616091


-1 1 0.829989
-1 1 1
0.108411 1 1


0.138935 1 0.257449
0.294755 1 0.480167


-1 1 1
-1 0.243019 1


0.246579 0.323966 1
-0.16896 0.0119664 1


-0.0684437 -1 1
-0.0811363 -0.073441 1
-0.16896 0.0119664 1
-1 0.243019 1
-1 0.240276 0.987913
-0.412964 0.0204611 0.738504
-0.16896 0.0119664 1


-0.0684437 -1 1
-1 -1 1
-1 0.243019 1


-0.0684437 -1 1
-0.09479 -1 0.878153
-0.964313 -1 0.410538
-0.92247 -0.811528 0.379167
-1 -0.823608 0.397049
-1 -1 0.418105
-0.964313 -1 0.410538


-0.490806 -0.00538525 0.622445
-0.390274 -0.214823 0.494812
-0.153761 -0.30979 0.64915
-0.0811363 -0.073441 1


-0.490806 -0.00538525 0.622445
-1 0.197021 0.870615
-1 -0.823608 0.397049


-0.490806 -0.00538525 0.622445
-0.412964 0.0204611 0.738504


-1 -1 1
-1 -1 0.418105


-0.09479 -1 0.878153
-0.153761 -0.30979 0.64915


-0.92247 -0.811528 0.379167
-0.390274 -0.214823 0.494812


-1 0.197021 0.870615
-1 0.240276 0.987913


-0.0811363 -0.073441 1
-0.0684437 -1 1
-0.09479 -1 0.878153
-0.153761 -0.30979 0.64915
-0.0811363 -0.073441 1
0.485668 0.159057 1
0.575715 0.159143 0.937408
0.623656 0.142779 1
0.485668 0.159057 1


-0.0684437 -1 1
0.974421 -1 1
0.623656 0.142779 1


0.206035 -0.454956 0.151898
0.224348 -0.484416 0.136873
0.222687 -0.449088 0.150264
0.206035 -0.454956 0.151898
-0.153761 -0.30979 0.64915


0.379882 -1 0.132907
0.224348 -0.484416 0.136873


0.379882 -1 0.132907
0.974421 -1 1


0.379882 -1 0.132907
-0.09479 -1 0.878153


0.575715 0.159143 0.937408
0.222687 -0.449088 0.150264


0.746088 0.210735 0.767225
1 0.224558 0.739221
1 0.292814 0.685151
0.969883 0.3075 0.67554
0.725645 0.27057 0.721198
0.746088 0.210735 0.767225
0.575715 0.159143 0.937408
0.623656 0.142779 1
1 0.151664 1
1 0.224558 0.739221


0.500853 1 0.454251
0.294755 1 0.480167
0.108411 1 1
0.246579 0.323966 1
0.485668 0.159057 1
0.623656 0.142779 1


0.500853 1 0.454251
1 1 0.57596
1 1 1
1 0.151664 1


0.500853 1 0.454251
0.969883 0.3075 0.67554


1 1 0.57596
1 0.292814 0.685151


0.246579 0.323966 1
0.316021 0.657546 0.616091
0.294755 1 0.480167


0.108411 1 1
1 1 1


0.316021 0.657546 0.616091
0.725645 0.27057 0.721198


0.485668 0.159057 1
0.575715 0.159143 0.937408


